# DM      Sigma      Time (s)     Sample    Downfact
526.352614   18.841785   1.443594     35244   64
380.116260   33.949538   3.434783     83857   128
727.162888   26.614155   5.399429    131822   32
593.790107   16.961522   7.107420    173521   64
393.385475   29.127372   9.526190    232573   64
559.828394   34.018566   11.606835    283370   32
542.966896   43.273935   13.567099    331228   64
517.685404   20.369063   15.526011    379053   64
532.180957   16.336709   17.771848    433883   128
527.390494   15.416603   19.765903    482566   128
302.731154   92.604810   21.974385    536484   16
682.055794   4.162870   23.962706    585027   1
387.572425   29.668908   25.826181    630522   64
303.626166   42.149158   27.717304    676692   64
684.473640   61.775089   29.611213    722930   32
696.783447   12.674293   32.111247    783966   64
350.015755   37.753831   33.517199    818291   32
567.059248   67.948447   35.990077    878664   16
253.732904   12.104582   37.987000    927417   64
335.739858   25.547915   39.708713    969451   64
560.684488   43.843892   41.796157   1020414   64
742.814679   29.835560   43.614454   1064806   32
678.728473   27.593673   46.258504   1129358   64
620.697428   56.460711   48.505774   1184223   32
581.934212   24.301228   50.245960   1226708   64
252.310158   31.354002   52.702454   1286681   64
385.117924   57.907074   54.527140   1331229   16
409.118018   26.412679   56.110203   1369878   64
477.896877   67.304231   58.733281   1433918   16
726.470237   4.550637   60.777472   1483825   16
640.140873   30.206396   62.446223   1524566   64
254.522711   20.077896   64.503153   1574784   64
512.278553   31.997538   66.776474   1630285   64
669.239145   32.168770   68.544840   1673458   32
351.286319   86.019224   70.886769   1730634   16
516.858579   22.743073   73.120973   1785180   64
451.708990   16.898634   74.625761   1821918   128
307.972740   11.317510   76.871762   1876752   128
350.446627   15.818891   79.082660   1930729   64
288.326502   76.357917   81.423278   1987873   32
380.599237   16.847593   82.876088   2023342   64
395.193507   51.382624   85.275116   2081912   16
693.330543   18.984538   87.326802   2132002   128
700.576774   17.823001   89.150874   2176535   64
315.157166   20.256279   91.589960   2236083   64
407.903031   36.428710   93.334897   2278684   32
632.804531   29.290963   95.354470   2327990   32
543.010702   63.942240   97.733509   2386072   32
422.164942   17.848637   99.789906   2436277   128
563.444477   55.773619   101.023908   2466404   32
649.299253   98.630024   103.117537   2517518   32
666.006862   34.871852   105.864110   2584573   32
347.385281   52.922181   107.795988   2631738   32
679.891596   26.141747   109.795164   2680546   64
476.046866   19.422760   111.333048   2718092   64
553.475421   17.423872   113.843978   2779394   64
482.255005   20.853164   115.872768   2828925   64
544.545187   18.179566   118.125117   2883914   64
294.117801   28.368111   120.012308   2929988   32
539.539442   15.313587   122.224108   2983987   64
563.539290   119.930636   124.065915   3028953   32
448.732396   71.265301   126.167122   3080252   32
317.159093   82.924390   128.564388   3138779   16
379.363484   46.650184   129.994220   3173687   64
656.171326   4.799732   132.513341   3235189   8
697.173195   22.303806   134.464102   3282815   64
408.063429   10.118915   136.407327   3330257   64
675.963328   41.138411   138.426081   3379543   32
432.485937   17.266703   140.315075   3425661   64
288.367388   46.092658   142.681457   3483434   16
545.500057   90.346812   144.751043   3533961   16
624.353460   19.945579   146.598339   3579061   64
617.628948   52.199249   148.331643   3621378   16
609.121819   19.203431   150.533161   3675126   64
385.894624   55.215894   152.793129   3730301   64
496.906136   12.130020   154.764124   3778421   64
480.359473   24.923668   156.843663   3829191   32
349.175639   13.184790   158.859141   3878397   64
430.882326   20.362003   161.034568   3931508   64
343.596656   35.527310   163.204096   3984475   32
326.541144   21.178459   165.262664   4034733   64
369.245180   12.452148   167.247872   4083200   64
717.942593   18.819661   168.819220   4121563   64
588.441610   22.691339   170.908180   4172563   128
468.052299   30.710339   172.818227   4219195   64
314.762313   44.640439   175.169905   4276609   64
485.648597   99.956429   177.076265   4323151   16
540.707664   76.355044   179.440968   4380883   32
314.884259   103.947481   181.480694   4430681   16
588.004903   34.426384   182.975488   4467175   64
427.759425   28.892483   185.880535   4538099   128
430.202645   17.736341   187.169014   4569556   64
422.394939   19.179771   189.215662   4619523   64
503.780443   81.911245   191.844311   4683699   16
654.089408   27.760580   193.330545   4719984   64
424.343918   24.260533   195.828982   4780981   64
676.662932   22.920281   197.897626   4831485   64
412.035551   65.847512   199.526892   4871262   32
402.388422   20.595353   201.695109   4924197   64
385.311326   111.611089   204.300820   4987813   16
649.082954   35.023352   205.498900   5017063   64
624.609952   103.651343   208.063488   5079675   16
309.283212   19.946480   209.734574   5120473   128
612.781554   19.816561   212.120740   5178729   128
303.930590   23.316531   214.580511   5238782   64
554.075736   23.998457   216.153252   5277179   64
728.105709   22.834277   218.184540   5326771   64
346.713354   34.254794   220.149514   5374744   32
742.686395   48.199155   222.123827   5422945   32
312.471074   15.848497   223.991194   5468535   64
385.563780   62.404388   226.827387   5537778   16
535.582978   32.836273   228.577731   5580511   32
288.745161   16.173100   230.497649   5627384   64
636.644920   4.199422   232.646656   5679850   8
490.556738   187.273592   234.367017   5721851   16
637.481051   30.997477   236.606013   5776514   64
275.438020   20.195260   238.404239   5820416   64
565.579734   24.422338   240.569958   5873290   64
650.129020   143.963427   243.080315   5934578   16
376.671921   20.116901   244.970291   5980720   64
286.426512   29.551349   247.079199   6032207   32
263.194194   36.955544   248.676352   6071200   64
434.107625   15.553867   251.343299   6136311   64
505.343000   31.494705   253.352223   6185357   64
596.129955   38.113456   254.969242   6224835   64
380.944510   42.747830   256.835379   6270395   32
371.873514   37.914583   259.290481   6330334   128
339.352526   30.494313   261.524808   6384883   64
747.945896   20.221291   263.300137   6428226   64
317.726572   34.835579   265.194004   6474463   64
395.612500   11.672275   267.738399   6536582   64
346.357590   17.754761   269.068083   6569045   64
486.139814   40.546668   271.257846   6622506   32
717.475831   24.839676   273.714872   6682492   128
455.802616   21.701626   275.899556   6735829   64
675.548136   31.505828   277.697495   6779724   128
349.713813   16.633492   279.897825   6833443   128
614.789607   13.301016   281.843139   6880936   128
727.722835   15.871948   283.640381   6924814   128
520.026845   33.643698   286.080082   6984377   32
306.757048   33.787991   288.308675   7038786   32
379.071427   18.215348   289.737769   7073676   64
546.792202   18.135965   291.706143   7121732   64
468.750463   70.765620   294.103450   7180260   16
495.420132   67.047004   296.232550   7232240   32
748.852676   4.106039   297.251430   7257115   4
264.624100   49.291911   300.544082   7337502   32
613.640148   24.118783   302.376059   7382228   64
346.381985   15.333555   304.275374   7428598   64
533.213859   25.554992   306.037391   7471616   32
722.848297   17.498614   308.532470   7532531   64
585.946728   4.418339   309.974385   7567734   2
313.246498   31.685269   312.437555   7627870   64
674.985168   28.464727   314.744340   7684188   128
474.991279   36.337435   316.867543   7736024   64
410.195012   30.912553   318.867579   7784853   32
701.602240   35.996987   320.398623   7822232   128
455.012287   111.552843   322.725724   7879046   16
517.088768   78.347654   325.046804   7935713   16
576.579164   151.802490   326.854656   7979850   16
718.553556   22.145487   328.842404   8028379   64
528.875524   31.700346   330.904166   8078715   32
591.757668   15.443610   333.231063   8135524   64
340.949618   23.916474   335.420785   8188984   32
261.423657   11.020475   337.480049   8239259   64
557.812207   18.227318   339.148677   8279997   128
582.759327   102.866729   341.031977   8325976   16
436.998133   38.406338   343.118766   8376923   32
273.379170   36.098517   345.077187   8424736   64
536.723245   142.169627   347.209769   8476801   16
683.511738   14.940983   348.793324   8515462   128
534.714512   23.091550   350.915707   8567278   64
625.830836   14.492838   352.598835   8608370   64
742.349592   5.176449   355.422536   8677308   2
396.925200   42.513201   357.599764   8730463   32
711.166819   43.232893   359.668572   8780971   64
361.990781   26.194663   361.736233   8831451   64
302.007842   98.966490   363.455529   8873426   16
300.088973   39.594466   365.872456   8932433   32
340.774888   19.697497   367.473377   8971518   64
276.730821   23.234091   369.429996   9019287   128
410.479232   65.982646   372.117668   9084904   32
389.276313   14.512414   374.211666   9136027   64
710.772856   59.933463   376.018616   9180142   16
544.521913   38.827435   378.197975   9233349   64
607.235007   19.659554   380.063908   9278904   64
470.965299   47.794287   381.645619   9317520   64
548.102671   24.692756   384.160686   9378923   128
406.654467   16.037419   386.053816   9425142   64
487.263484   17.647045   388.403405   9482505   64
596.466429   32.612361   390.470246   9532965   64
485.903887   12.890024   392.452014   9581348   128
694.518691   51.233803   394.251633   9625284   32
653.799222   21.771863   396.605112   9682742   64
443.250109   20.254154   398.782218   9735894   64
375.094417   34.522701   400.421888   9775925   32
318.824395   110.042005   402.758164   9832963   16
293.411696   60.767874   404.733420   9881187   16
361.009901   26.704089   406.876078   9933498   128
384.687466   116.446351   408.782807   9980049   16
686.990851   11.836522   410.908508   10031946   64
297.373733   50.295059   412.692439   10075499   64
477.639377   58.391954   415.119196   10134746   32
452.086671   20.021915   417.140285   10184089   64
435.972261   12.530272   418.914836   10227413   64
654.984398   27.487637   420.691190   10270781   128
564.721923   17.988393   423.031316   10327913   64
442.002962   27.433532   425.405604   10385879   128
259.035809   22.276220   427.503944   10437108   64
333.072630   21.075141   429.454295   10484724   64
331.810614   23.859866   431.515566   10535048   64
695.903737   43.292985   433.235763   10577045   32
439.756991   43.863758   435.486597   10631997   64
309.272986   42.443820   437.842780   10689521   64
552.867439   60.716944   439.437722   10728460   32
299.726256   34.932462   441.393889   10776218   32
294.278463   38.062866   443.685560   10832167   32
573.105914   29.727651   445.628867   10879611   64
276.889788   127.409158   447.876874   10934494   8
382.783428   20.963996   449.402307   10971736   64
579.476071   34.237586   451.233219   11016436   64
430.430076   27.144063   453.960131   11083011   64
349.979990   25.098697   456.068342   11134481   64
300.668174   28.392940   457.532006   11170215   64
435.608703   39.430876   459.559649   11219718   32
510.895780   31.368693   462.055096   11280642   32
707.678893   22.421403   464.229048   11333717   64
318.827038   21.810143   466.355896   11385642   32
576.320472   47.496263   468.399432   11435533   64
677.047719   56.916780   470.284288   11481550   32
546.908828   38.615285   472.314388   11531113   64
607.873224   63.749091   474.369556   11581288   32
269.201662   21.306315   476.640502   11636731   64
749.434305   21.865507   477.822484   11665588   128
429.699902   125.122539   480.190751   11723407   16
730.979249   19.778999   482.472141   11779105   64
668.813669   18.800636   484.739441   11834459   64
645.706023   18.519861   486.671933   11881639   64
663.668605   16.359563   488.756347   11932528   64
287.512283   15.119253   490.567967   11976757   128
550.078056   117.862751   492.964700   12035271   16
278.923119   19.834599   494.973010   12084302   64
251.549320   15.032044   497.036698   12134685   128
423.321048   10.676570   498.614149   12173197   128
272.496270   35.896170   501.246689   12237468   32
496.355745   47.753874   503.234806   12286006   32
680.114456   42.430301   505.043272   12330158   64
450.316716   22.814610   507.233772   12383637   32
709.769565   37.718170   508.783985   12421484   64
380.900206   19.793452   511.274394   12482285   128
424.461143   56.760352   513.119068   12527321   32
520.031389   29.508691   515.139584   12576650   64
610.591871   46.217457   517.361746   12630902   32
369.003599   65.195516   519.399834   12680660   16
727.654670   19.776810   521.208996   12724829   64
391.522297   16.426810   523.423826   12778902   128
655.010175   17.492941   525.088850   12819552   64
590.360050   22.641799   527.355904   12874900   128
513.861631   41.346892   529.464812   12926387   64
395.848793   17.599052   531.731210   12981719   64
566.233402   40.397267   533.853348   13033529   32
544.202536   82.573978   535.402414   13071348   16
705.854346   24.158936   537.943613   13133389   32
306.455833   17.683858   540.242616   13189517   128
494.779786   75.428049   542.204191   13237407   32
506.969964   53.960228   543.649751   13272699   32
492.810539   21.369472   545.593508   13320154   64
668.485676   4.169615   547.530220   13367437   16
399.097746   23.570914   549.625324   13418587   64
479.394816   22.750033   552.147681   13480168   128
636.406646   32.411465   554.315244   13533087   32
393.708654   23.072421   556.480307   13585945   64
457.713697   28.679953   558.263706   13629485   64
606.166166   12.030724   560.426844   13682296   128
571.773204   36.840144   562.317804   13728462   32
265.454650   16.402871   564.576010   13783594   64
698.373533   20.435009   566.023127   13818924   64
286.225255   17.156366   568.923791   13889741   64
407.647713   11.800594   570.312622   13923648   128
628.625457   30.326152   572.557558   13978456   64
725.382682   4.499567   574.447698   14024602   8
505.914504   60.106188   576.387031   14071949   32
661.709099   30.611981   578.211226   14116485   64
731.434754   44.352219   580.747878   14178415   32
740.548444   4.572400   582.753362   14227377   4
515.336180   30.013683   584.757780   14276313   32
421.672790   10.763271   587.187610   14335635   64
451.451772   35.368533   589.324452   14387804   64
701.327127   61.151345   590.600888   14418967   64
297.205274   75.521880   593.280778   14484394   8
459.489326   29.531482   595.306988   14533862   64
391.752084   42.280809   597.250662   14581315   32
400.469158   46.736452   599.438868   14634738   32
606.203681   37.035286   600.950047   14671632   128
504.840473   20.643741   603.452744   14732733   64
717.805847   50.063751   605.456916   14781663   64
707.108349   54.053346   607.418819   14829561   32
503.386727   17.563412   609.644708   14883904   64
521.341682   50.948170   611.110994   14919702   64
648.398317   50.226824   613.615493   14980847   32
648.333471   34.132304   615.728865   15032443   64
366.059605   21.211784   617.705718   15080706   64
707.487809   4.368227   618.863165   15108964   16
252.628474   22.366153   621.905797   15183247   64
272.864343   20.507327   623.609487   15224841   64
622.420721   33.761567   625.934868   15281613   32
433.257364   13.759163   627.645030   15323365   64
448.959872   27.834400   629.569905   15370359   32
385.881314   5.520489   631.691919   15422166   16
270.920153   16.471025   634.275348   15485238   64
396.564337   10.881940   636.176548   15531654   128
352.077515   19.215786   638.066934   15577806   64
271.312060   62.986789   640.260465   15631359   16
614.894279   56.820192   642.149007   15677466   64
595.304940   24.496881   643.725722   15715960   64
634.824986   54.770218   646.363955   15780370   16
515.605689   33.030468   648.361329   15829134   32
309.668117   27.282742   650.619699   15884270   64
535.293123   25.197960   652.037407   15918882   64
361.816205   23.604054   654.781276   15985871   64
739.191905   19.639349   656.667402   16031919   64
453.295550   18.325624   658.399519   16074207   64
364.729966   64.602507   660.994294   16137556   16
548.308721   50.883934   662.475776   16173725   32
683.843511   67.030670   664.809595   16230703   32
706.316064   70.162635   666.686259   16276520   32
539.731876   160.917614   668.440494   16319348   16
715.743241   21.413551   671.035965   16382714   64
530.681610   31.431337   673.264108   16437112   64
629.590475   28.050463   674.896323   16476961   64
485.711542   28.724509   676.553400   16517417   128
292.354111   11.737934   679.217603   16582461   64
451.021072   22.476710   681.183314   16630452   128
434.029554   36.638620   683.323556   16682704   64
432.161433   90.764996   685.377495   16732849   16
250.171806   22.516533   687.634309   16787947   128
250.456965   30.193026   689.656381   16837314   64
424.345159   18.057631   691.246285   16876130   64
286.599049   31.886703   693.668045   16935255   64
647.159742   18.618874   695.546143   16981107   128
287.067633   21.463225   697.187164   17021171   64
460.586125   13.246323   699.815404   17085337   64
300.783488   15.878430   701.712343   17131649   64
251.727047   32.394573   703.679324   17179671   64
348.559751   20.641303   705.985700   17235979   64
679.322089   27.828895   707.908731   17282928   128
369.949532   26.449083   709.746811   17327803   64
447.240603   28.479045   712.100905   17385276   64
670.666347   13.963658   713.730458   17425060   128
556.473782   47.122240   716.000911   17480491   32
414.265865   28.260750   718.146314   17532869   64
507.412645   24.657425   720.083968   17580175   32
252.453902   78.875352   721.841766   17623090   32
682.871604   15.432669   723.874038   17672706   128
652.228657   51.780828   726.251192   17730742   64
605.257271   13.049258   728.359526   17782215   128
496.052197   28.889078   730.081731   17824261   64
284.385786   23.003225   732.347761   17879584   64
715.859847   17.659887   734.435615   17930557   128
492.012747   18.857787   736.190259   17973395   64
270.931401   19.491600   738.163057   18021559   64
367.594008   19.250229   740.222198   18071831   128
473.827217   44.123583   742.815949   18135155   16
351.594309   29.418472   744.276419   18170811   64
429.387036   42.848951   746.280673   18219743   64
407.223384   135.193510   748.677079   18278249   8
518.295031   38.484886   751.060337   18336434   64
579.049260   39.021529   752.826286   18379548   64
659.019138   15.117917   755.081011   18434595   64
602.684577   4.521718   757.208064   18486525   1
537.503481   19.102153   758.930309   18528572   64
388.302760   28.545617   761.037947   18580028   32
606.560946   21.199333   763.062108   18629446   64
254.700181   32.319557   765.391667   18686320   32
321.659856   17.084787   767.558164   18739213   64
270.152267   41.713279   768.848609   18770718   64
718.682387   89.312506   770.741494   18816931   16
625.102333   29.216792   773.373297   18881184   64
292.143361   31.426551   775.583990   18935156   32
475.994198   18.006020   777.626173   18985014   64
371.917704   31.483558   779.116667   19021403   32
353.514975   26.065478   781.197804   19072212   64
570.720663   39.419645   783.726633   19133951   32
573.289542   25.454386   785.461985   19176318   64
302.988582   18.878663   787.816530   19233802   64
424.787560   19.091959   789.940060   19285646   64
290.296262   45.736654   791.537132   19324637   64
475.539267   17.121070   793.748439   19378624   128
615.313145   59.903284   796.100280   19436042   16
309.773484   51.786590   798.201938   19487352   16
482.077605   21.004201   800.167035   19535328   64
260.222076   49.302302   802.180669   19584489   16
301.399577   20.538839   804.298875   19636203   32
289.572954   32.244981   806.395576   19687392   64
710.561172   18.050599   807.634862   19717648   64
331.724429   28.166425   809.795912   19770408   64
382.977874   59.416992   812.250481   19830334   32
547.736029   72.643116   813.834486   19869006   16
343.253291   22.532364   816.076472   19923742   64
747.081907   40.185650   817.788314   19965535   32
345.308616   27.023348   820.430111   20030032   64
556.301792   19.196461   822.723092   20086013   64
677.923990   4.539024   824.424079   20127541   1
274.920203   21.037697   826.750771   20184345   32
318.400331   108.668835   828.922593   20237368   16
250.026310   32.497313   830.665318   20279915   32
651.890447   27.951191   832.572621   20326480   64
706.486939   44.800681   834.152243   20365045   64
464.700229   38.049838   836.374692   20419304   32
565.375974   39.163105   838.956360   20482333   64
639.928519   27.404972   841.002844   20532296   32
288.705951   29.754834   843.193917   20585789   128
325.596606   39.193377   845.229629   20635489   64
369.845858   14.367669   846.924186   20676860   64
648.226214   22.794387   849.244406   20733506   64
485.149067   56.070976   850.829844   20772213   32
476.331678   20.683630   853.308580   20832729   128
545.530807   15.365659   854.862193   20870659   128
732.543773   26.852812   857.195151   20927616   64
641.611067   17.036073   859.490304   20983650   64
475.174289   30.430937   861.464986   21031860   64
584.527021   62.600604   863.119565   21072255   32
317.819567   25.996189   865.200660   21123063   64
278.835173   20.084454   867.660063   21183107   128
464.190617   15.190929   869.675622   21232315   64
468.081220   30.982157   871.611965   21279589   64
689.495327   33.677710   873.397535   21323182   32
431.172022   30.042420   875.932672   21385075   64
301.842654   21.804690   877.747651   21429386   64
608.467519   10.749428   879.282586   21466860   128
467.790937   15.542143   881.492091   21520803   64
304.266995   24.258683   884.081869   21584030   64
400.738149   57.895845   886.019400   21631333   32
606.929770   13.423847   887.753646   21673673   64
684.393321   115.809804   890.130104   21731692   16
723.036834   29.230360   892.212634   21782535   64
557.283274   43.094632   893.855867   21822653   128
474.614451   34.834963   896.260628   21881363   32
710.664865   48.242679   898.079089   21925759   64
376.832874   14.380898   899.732767   21966132   128
390.142996   31.654368   902.595543   22036024   64
306.063161   53.573051   904.554291   22083845   32
391.826479   18.803613   906.624041   22134376   128
462.401817   32.982013   908.310118   22175540   32
472.735260   19.555460   910.189404   22221421   64
470.135675   19.078417   912.103055   22268141   64
676.970703   73.810058   914.791260   22333771   32
303.561102   50.692326   916.780646   22382340   32
471.799950   86.006630   918.431826   22422652   32
622.441991   44.649363   920.961393   22484409   32
553.751077   36.863861   923.007590   22534365   64
434.248605   33.462020   924.951593   22581826   64
567.167401   45.276417   926.564557   22621205   16
695.141448   36.664386   928.483860   22668063   32
673.254262   18.224691   931.167601   22733584   64
295.261245   80.875795   933.247795   22784370   8
701.676058   16.560961   934.739026   22820777   128
743.941962   29.271095   937.230418   22881602   128
483.080004   23.342634   939.493949   22936864   64
655.235126   14.597439   940.803318   22968831   64
720.943268   13.591941   943.321211   23030303   128
411.725336   72.274119   944.883057   23068434   16
378.200361   15.000314   947.026002   23120752   64
731.504518   14.389213   949.366784   23177900   64
279.443922   13.479774   951.798948   23237279   64
450.512803   19.129513   953.782108   23285696   64
596.275663   17.076406   955.816673   23335368   64
383.523401   25.903285   957.419684   23374504   32
552.099205   106.682573   959.340626   23421402   16
336.977145   27.143701   961.772421   23480772   64
578.239943   41.500991   963.432530   23521302   32
590.631911   57.921091   965.779292   23578596   32
456.564935   36.625905   967.626834   23623702   32
688.700267   54.592837   969.626747   23672528   16
290.919171   36.845639   972.357673   23739201   32
696.698836   27.231809   973.949010   23778052   64
666.165140   39.449388   976.194765   23832880   64
275.274839   9.561683   978.445844   23887838   64
497.025888   48.121826   980.482089   23937551   32
630.413866   55.994085   982.212485   23979797   32
426.428589   57.897932   984.341340   24031771   32
430.895901   22.655817   985.927557   24070497   128
742.832031   4.102490   987.784151   24115824   2
366.581887   18.443666   990.226063   24175441   64
359.353637   32.634236   992.591831   24233199   64
557.933588   21.601885   994.146509   24271155   64
296.836588   33.700374   996.831027   24336695   32
591.175284   17.277737   998.837494   24385681   64
270.055796   33.271925   1000.687698   24430852   32
746.261144   17.805652   1002.362388   24471738   64
459.702727   22.878413   1004.760228   24530279   64
355.919286   47.960296   1006.515487   24573132   64
684.271078   49.968926   1008.448225   24620318   16
721.025920   22.986461   1011.002819   24682686   64
563.822291   16.934453   1012.549140   24720438   128
529.221246   26.147118   1014.466028   24767237   32
694.254811   16.789132   1016.428216   24815142   128
302.335667   13.036493   1018.846781   24874189   64
298.271932   64.821868   1021.486572   24938637   32
475.743514   56.488325   1023.148728   24979217   32
